Same augmentations as res2[0,    10] loss: 6.858
[0,    20] loss: 4.407
[0,    30] loss: 2.750
[0,    40] loss: 1.868
[0,    50] loss: 1.453
[0,    60] loss: 1.188
[0,    70] loss: 1.257
[0,    80] loss: 1.157
[0,    90] loss: 1.044
[0,   100] loss: 0.876
[1,    10] loss: 0.897
[1,    20] loss: 0.856
[1,    30] loss: 0.765
[1,    40] loss: 0.773
[1,    50] loss: 0.673
[1,    60] loss: 0.619
[1,    70] loss: 0.588
[1,    80] loss: 0.651
[1,    90] loss: 0.633
[1,   100] loss: 0.549
[2,    10] loss: 0.690
[2,    20] loss: 0.606
[2,    30] loss: 0.461
[2,    40] loss: 0.440
[2,    50] loss: 0.421
[2,    60] loss: 0.352
[2,    70] loss: 0.405
[2,    80] loss: 0.401
[2,    90] loss: 0.333
[2,   100] loss: 0.381
[3,    10] loss: 0.290
[3,    20] loss: 0.261
[3,    30] loss: 0.230
[3,    40] loss: 0.214
[3,    50] loss: 0.216
[3,    60] loss: 0.219
[3,    70] loss: 0.274
[3,    80] loss: 0.248
[3,    90] loss: 0.239
[3,   100] loss: 0.229
[4,    10] loss: 0.433
[4,    20] loss: 0.425
[4,    30] loss: 0.350
[4,    40] loss: 0.325
[4,    50] loss: 0.304
[4,    60] loss: 0.342
[4,    70] loss: 0.302
[4,    80] loss: 0.292
[4,    90] loss: 0.276
[4,   100] loss: 0.286
Learning rate: 0.010000
[5,    10] loss: 0.185
[5,    20] loss: 0.166
[5,    30] loss: 0.137
[5,    40] loss: 0.111
[5,    50] loss: 0.112
[5,    60] loss: 0.092
[5,    70] loss: 0.076
[5,    80] loss: 0.087
[5,    90] loss: 0.077
[5,   100] loss: 0.091
[6,    10] loss: 0.052
[6,    20] loss: 0.063
[6,    30] loss: 0.054
[6,    40] loss: 0.064
[6,    50] loss: 0.060
[6,    60] loss: 0.045
[6,    70] loss: 0.059
[6,    80] loss: 0.050
[6,    90] loss: 0.054
[6,   100] loss: 0.055
[7,    10] loss: 0.037
[7,    20] loss: 0.033
[7,    30] loss: 0.036
[7,    40] loss: 0.041
[7,    50] loss: 0.053
[7,    60] loss: 0.045
[7,    70] loss: 0.028
[7,    80] loss: 0.042
[7,    90] loss: 0.036
[7,   100] loss: 0.039
[8,    10] loss: 0.024
[8,    20] loss: 0.026
[8,    30] loss: 0.033
[8,    40] loss: 0.030
[8,    50] loss: 0.033
[8,    60] loss: 0.038
[8,    70] loss: 0.028
[8,    80] loss: 0.030
[8,    90] loss: 0.030
[8,   100] loss: 0.029
[9,    10] loss: 0.029
[9,    20] loss: 0.022
[9,    30] loss: 0.024
[9,    40] loss: 0.027
[9,    50] loss: 0.029
[9,    60] loss: 0.028
[9,    70] loss: 0.026
[9,    80] loss: 0.029
[9,    90] loss: 0.018
[9,   100] loss: 0.025
[10,    10] loss: 0.028
[10,    20] loss: 0.025
[10,    30] loss: 0.033
[10,    40] loss: 0.023
[10,    50] loss: 0.025
[10,    60] loss: 0.020
[10,    70] loss: 0.025
[10,    80] loss: 0.023
[10,    90] loss: 0.029
[10,   100] loss: 0.030
[11,    10] loss: 0.019
[11,    20] loss: 0.025
[11,    30] loss: 0.020
[11,    40] loss: 0.022
[11,    50] loss: 0.027
[11,    60] loss: 0.018
[11,    70] loss: 0.028
[11,    80] loss: 0.027
[11,    90] loss: 0.022
[11,   100] loss: 0.022
[12,    10] loss: 0.014
[12,    20] loss: 0.020
[12,    30] loss: 0.026
[12,    40] loss: 0.016
[12,    50] loss: 0.023
[12,    60] loss: 0.019
[12,    70] loss: 0.021
[12,    80] loss: 0.018
[12,    90] loss: 0.022
[12,   100] loss: 0.021
[13,    10] loss: 0.024
[13,    20] loss: 0.026
[13,    30] loss: 0.027
[13,    40] loss: 0.019
[13,    50] loss: 0.021
[13,    60] loss: 0.028
[13,    70] loss: 0.019
[13,    80] loss: 0.018
[13,    90] loss: 0.023
[13,   100] loss: 0.018
[14,    10] loss: 0.022
[14,    20] loss: 0.021
[14,    30] loss: 0.024
[14,    40] loss: 0.029
[14,    50] loss: 0.017
[14,    60] loss: 0.021
[14,    70] loss: 0.025
[14,    80] loss: 0.022
[14,    90] loss: 0.021
[14,   100] loss: 0.019
Learning rate: 0.001000
[15,    10] loss: 0.016
[15,    20] loss: 0.017
[15,    30] loss: 0.017
[15,    40] loss: 0.017
[15,    50] loss: 0.012
[15,    60] loss: 0.019
[15,    70] loss: 0.020
[15,    80] loss: 0.017
[15,    90] loss: 0.013
[15,   100] loss: 0.017
[16,    10] loss: 0.017
[16,    20] loss: 0.013
[16,    30] loss: 0.017
[16,    40] loss: 0.013
[16,    50] loss: 0.013
[16,    60] loss: 0.012
[16,    70] loss: 0.017
[16,    80] loss: 0.015
[16,    90] loss: 0.014
[16,   100] loss: 0.018
[17,    10] loss: 0.014
[17,    20] loss: 0.018
[17,    30] loss: 0.014
[17,    40] loss: 0.016
[17,    50] loss: 0.016
[17,    60] loss: 0.015
[17,    70] loss: 0.013
[17,    80] loss: 0.015
[17,    90] loss: 0.021
[17,   100] loss: 0.015
[18,    10] loss: 0.016
[18,    20] loss: 0.013
[18,    30] loss: 0.012
[18,    40] loss: 0.017
[18,    50] loss: 0.012
[18,    60] loss: 0.010
[18,    70] loss: 0.019
[18,    80] loss: 0.013
[18,    90] loss: 0.014
[18,   100] loss: 0.015
[19,    10] loss: 0.018
[19,    20] loss: 0.013
[19,    30] loss: 0.017
[19,    40] loss: 0.014
[19,    50] loss: 0.011
[19,    60] loss: 0.014
[19,    70] loss: 0.013
[19,    80] loss: 0.015
[19,    90] loss: 0.012
[19,   100] loss: 0.018